ID: course_0
Course: Intro to Data Analysis
Embedding (length 384):
[-1.88444592e-02 -3.23575735e-02 -4.75461595e-02 -9.68289003e-03
 -7.59429634e-02 -8.04279447e-02 -3.95063423e-02  3.93026471e-02
 -2.77733691e-02  6.72345236e-02 -6.37283847e-02 -2.90999673e-02
 -3.88129391e-02 -1.96676105e-02 -4.11259616e-03  6.47780113e-03
 -2.37293867e-03 -8.66128951e-02 -4.96631749e-02 -1.54620046e-02
  1.10623427e-03  2.10022144e-02  8.24101046e-02 -2.43257284e-02
  1.29508395e-02  1.77377206e-03  1.33518288e-02 -3.65691781e-02
 -3.63636384e-04  1.63295437e-02 -5.06428443e-02  7.25074112e-03
  1.21303655e-01 -9.56103019e-03 -2.00410411e-02 -5.09096794e-02
  7.43155926e-02  1.93215460e-02  6.25314265e-02  9.83355045e-02
 -3.86618413e-02  7.11296052e-02  1.34402081e-01  3.58922482e-02
 -4.46406677e-02 -6.46865219e-02 -7.38293380e-02 -9.72196832e-02
  3.47308815e-02  1.80224497e-02 -3.88331152e-02  8.22713003e-02
 -1.17714323e-01  4.12916858e-03 -1.64243188e-02  4.71881181e-02
  1.51450019e-02  7.23365461e-03 -2.78768339e-03  1.03896381e-02
 -2.81881932e-02  2.97491588e-02  2.48393416e-02  5.67873456e-02
  7.18310997e-02 -3.57425176e-02 -3.86974514e-02  2.31574196e-02
  3.70179228e-02 -3.92823620e-03 -3.46429572e-02  4.07685377e-02
 -7.02654123e-02 -5.28189540e-02  9.02993307e-02 -2.46394314e-02
 -8.44948292e-02  4.56434824e-02 -2.78926976e-02 -2.99324226e-02
  4.05432992e-02 -1.60703659e-02  6.29128367e-02  1.15181226e-02
  3.55144739e-02 -1.00560151e-01  4.56203967e-02 -9.65430122e-03
 -1.08366953e-02  8.95538107e-02  7.15959296e-02  4.77119461e-02
 -2.59995330e-02  3.46043333e-02  3.66415679e-02  7.25152493e-02
 -4.62853163e-03 -1.38152823e-01  4.82997894e-02  6.33263914e-03
 -6.48374036e-02 -2.64924299e-03 -3.26332338e-02 -1.72520578e-02
 -9.50406939e-02 -6.90117329e-02  6.17648549e-02 -8.18687119e-03
 -1.54130599e-02  6.46858886e-02  3.96192037e-02 -6.42507970e-02
 -3.09390202e-02 -4.75346111e-02 -1.50415730e-02 -4.33951542e-02
  1.62482187e-02  2.06329636e-02  4.39156033e-02  3.44435349e-02
 -5.14912419e-02  1.25478189e-02  8.61573145e-02 -5.33495918e-02
 -1.06198294e-02 -6.80072457e-02 -7.40337595e-02  1.31699109e-33
  3.95628624e-02 -5.01663564e-03 -3.90083902e-02  1.12599766e-04
 -5.87115698e-02 -1.56676620e-02 -1.97122507e-02  2.12893989e-02
 -1.38703082e-02  8.24653506e-02  3.52296457e-02  5.63927330e-02
 -2.85074720e-03  2.01636590e-02  9.05913934e-02  6.73223287e-02
 -3.62941101e-02 -9.44935367e-04 -1.21825501e-01  1.98233444e-02
  3.07524838e-02 -1.57906115e-02  7.12438002e-02 -4.01167944e-02
  2.50178203e-02  5.61421774e-02 -2.43985429e-02 -8.41842499e-03
  4.38396074e-03 -7.99060613e-03  3.21602970e-02 -4.10261191e-02
 -1.07955948e-01 -6.08037114e-02  4.39630635e-02  7.42517551e-03
  6.11144826e-02  3.93717661e-02  5.32083288e-02  1.26670662e-03
  1.40537899e-02  2.34194957e-02  7.19971806e-02 -6.15934879e-02
 -5.44494726e-02  3.19285654e-02 -6.04573824e-03 -1.66075677e-02
  9.15379003e-02 -5.56807965e-02 -7.66717643e-02 -6.33515343e-02
 -4.17444259e-02  2.66332906e-02 -5.05708680e-02  4.87121232e-02
  2.85447333e-02  4.27714288e-02 -2.85155475e-02  5.65425046e-02
 -1.75422598e-02  1.04336232e-01  1.86770242e-02 -8.86568427e-02
 -1.00429863e-01 -8.58004615e-02 -1.76602185e-01 -2.03725835e-03
  1.38465250e-02 -3.02291494e-02 -4.33481820e-02 -4.14896980e-02
 -8.57758820e-02 -1.11047411e-02  3.40674780e-02  4.46210168e-02
  1.83556147e-03 -3.64337042e-02  1.46623403e-02  1.55547149e-02
 -2.55925637e-02 -3.94723527e-02 -7.11369503e-04 -1.20529987e-01
 -9.85370427e-02 -9.59977228e-03  2.75805723e-02 -3.58002521e-02
 -1.03685353e-02 -4.50164825e-02 -2.79538184e-02 -3.05681843e-02
 -4.07822393e-02  6.46398142e-02  1.47058000e-03 -5.56840894e-33
  9.67096072e-03  1.42560899e-01  2.78468747e-02  6.92323223e-02
  2.93272231e-02  1.10623585e-02  2.87479088e-02  4.08813506e-02
  9.57638770e-02  5.40187545e-02 -5.45200072e-02  8.03768337e-02
  1.63932182e-02  1.19933030e-02  2.00073645e-02 -4.12522145e-02
 -3.15008909e-02 -1.55769736e-02 -4.37222943e-02 -1.88003741e-02
 -2.38430593e-02  8.56529362e-03 -1.39966998e-02 -1.00551704e-02
  2.77087241e-02 -4.88687605e-02 -4.68630306e-02 -3.51076238e-02
  2.55472139e-02 -4.96556349e-02  6.81325719e-02  2.17587929e-02
 -4.68096249e-02  3.13219279e-02 -9.43426043e-02 -6.29270524e-02
  1.91381648e-02  4.34212293e-03 -1.40764834e-02  7.27392659e-02
  8.80261883e-02 -4.30264436e-02  2.56786980e-02  4.48265634e-02
  6.96209222e-02  5.06415404e-02  6.49670810e-02  6.00633621e-02
 -6.24356093e-03  5.68455458e-03 -6.39323220e-02  1.82957649e-02
  4.58334610e-02  2.98856683e-02  7.52278343e-02 -1.53562624e-03
  9.25720930e-02 -2.21149618e-04 -8.38385224e-02  7.59909255e-03
  7.04498440e-02  7.90828541e-02  8.38502962e-03  2.85996799e-03
 -4.45264578e-02 -1.86018180e-02 -4.11243439e-02 -2.31804047e-03
 -6.33664429e-02  5.21590300e-02  1.67353731e-02  5.77826835e-02
  2.95597184e-02 -1.97473094e-02  1.08309602e-02 -1.31160673e-02
  1.54383393e-04 -1.05052162e-02  5.61854728e-02  3.09384335e-02
 -1.52153410e-02  2.75766626e-02 -1.88380107e-02  5.56009682e-03
  9.41375922e-03  1.16906343e-02  1.11876413e-01 -8.36585611e-02
  3.98443788e-02  4.13338691e-02 -9.83907282e-02  1.75473001e-02
  4.08571996e-02 -5.65891415e-02 -2.58352552e-02 -4.70839971e-08
 -5.11864685e-02 -3.68789658e-02 -2.44123905e-04  3.08422372e-02
  2.71217618e-03  7.80295208e-02 -8.40790048e-02 -6.29508263e-03
 -2.07675956e-02 -4.58767265e-02  1.43677257e-02 -3.30888294e-02
 -1.35450527e-01 -3.51984724e-02  1.01414304e-02  4.31763455e-02
  5.39026223e-02  7.56910071e-02  3.46157909e-03 -4.03639600e-02
  2.58894041e-02 -4.80031371e-02  1.78490311e-03 -2.09894646e-02
 -4.55474108e-02  7.11008459e-02  5.93502559e-02 -6.26247153e-02
 -5.95546998e-02  2.38324534e-02  1.12251006e-02 -3.55200469e-02
  8.72595832e-02 -7.14707896e-02  1.58653557e-02  1.60496607e-02
  1.85790695e-02 -1.11986501e-02  4.27630804e-02 -9.12048668e-03
 -7.50117563e-03 -1.05398364e-01 -5.10661304e-03 -3.07463184e-02
  1.05210310e-02 -3.49255791e-03 -5.88395558e-02  1.79704838e-02
  5.04949540e-02 -4.25358023e-03  8.69478732e-02 -6.99523538e-02
 -1.34412885e-01 -1.88271161e-02  4.39246604e-03  4.11750898e-02
  2.64647184e-03  8.75876937e-03 -1.09853126e-01 -9.82951969e-02
  5.78457229e-02 -1.93906184e-02 -6.38423711e-02  2.28381827e-02]
============================================================
ID: course_1
Course: Global Health: Econ & Policy
Embedding (length 384):
[ 3.78606678e-03 -1.59126222e-02 -2.42578238e-03  1.90545130e-03
 -5.29551739e-03 -5.29613346e-02 -3.47418636e-02  5.58753312e-02
 -3.81203480e-02  4.98321764e-02 -6.12151176e-02 -4.56102341e-02
 -7.61146098e-02 -2.82670856e-02 -5.42096868e-02 -4.28464003e-02
 -4.40355763e-02 -6.62380457e-02 -8.37753788e-02 -1.41750555e-02
 -6.66328892e-03  7.25201666e-02  1.44484922e-01  6.77745137e-03
 -5.03137223e-02 -6.23136349e-02  3.10094077e-02 -3.15957516e-02
 -2.43304335e-02  5.02142757e-02 -4.80151782e-03  3.07632145e-02
  8.04067180e-02 -1.25749847e-02 -1.07283406e-02 -1.41408816e-02
  4.26073968e-02 -4.71824892e-02 -2.12328471e-02  5.02498671e-02
 -9.73623712e-03  4.76874933e-02  9.78355482e-02 -3.51322256e-03
  6.43587932e-02 -3.23824957e-02 -5.39966561e-02 -6.03910461e-02
  2.37159654e-02  4.26427163e-02 -7.23175006e-04  4.91271317e-02
 -7.06830621e-02 -2.02911962e-02  3.45254280e-02  1.80451684e-02
 -1.94204058e-02 -4.42849845e-02 -6.24794960e-02  1.32831726e-02
 -8.94642551e-04 -1.89467333e-02  1.01952842e-02  4.06706333e-02
  7.41447061e-02 -1.01264874e-02 -4.21974882e-02  3.01666800e-02
 -4.39145789e-03 -2.29083002e-02 -3.07063498e-02 -3.08715980e-02
 -2.88010649e-02 -6.38259128e-02  3.94576378e-02 -2.58447556e-03
 -9.00724456e-02  6.65927157e-02  1.56220421e-03 -5.14629763e-03
  8.84222761e-02  2.88336426e-02  9.49018449e-02 -6.90766983e-03
  7.54974261e-02 -1.14780933e-01  3.81181091e-02 -3.17715411e-03
 -2.43381932e-02  9.01149958e-02  6.96800426e-02  2.38163676e-02
  2.22780462e-02  7.83684105e-02  9.91096254e-03  3.43094133e-02
  8.19067238e-04 -1.12693794e-01  2.33293138e-02  1.76354237e-02
 -5.55036254e-02 -4.05222401e-02 -2.41087023e-02  7.36187631e-03
 -1.05326012e-01 -1.14229135e-02  4.33349423e-02  6.46115616e-02
  7.63643682e-02  6.98152781e-02 -4.38224114e-02 -3.77512537e-02
 -1.88688673e-02 -4.00785990e-02 -4.09636088e-02 -2.32625357e-03
  4.35074717e-02 -2.25043874e-02  9.73580703e-02  7.05281496e-02
 -3.98967974e-02 -4.13117483e-02  4.41789739e-02 -7.11561441e-02
  1.41224349e-02 -5.53487800e-03 -6.39940575e-02 -9.52536592e-34
  4.78868783e-02  3.03604007e-02  2.82420870e-02 -4.94149253e-02
 -2.86983754e-02  4.24535014e-02 -2.11106148e-02  1.69229042e-02
  2.13941708e-02 -4.11646068e-02 -2.75999382e-02  9.71516967e-02
  3.08352783e-02  5.90296388e-02  3.94563861e-02  1.45449359e-02
 -5.46730645e-02  3.50989327e-02 -6.26240969e-02  1.17193848e-01
  2.32953764e-02 -6.27780929e-02  7.96405748e-02 -1.61295775e-02
  2.89383382e-02  6.75546452e-02 -2.21711434e-02  1.75248813e-02
  5.40200695e-02  2.23314553e-03  4.71784435e-02 -4.50316854e-02
 -1.05258256e-01 -1.18121251e-01  5.04901856e-02  7.33208423e-03
  1.52300531e-03  8.02229717e-02 -2.60950299e-03 -2.71400400e-02
  8.35213158e-03  9.52391420e-03  7.34906942e-02 -3.40836048e-02
 -1.13263438e-02  1.82350762e-02 -1.24883954e-03  2.56956834e-02
  4.39397208e-02 -1.35092195e-02 -1.30092368e-01 -5.38560636e-02
 -6.32328391e-02 -4.44042832e-02 -1.35184601e-02 -1.04710914e-03
  2.20237467e-02  5.09896800e-02 -7.31953979e-02  1.05675515e-02
 -1.94721704e-03  9.02522355e-02 -4.21502888e-02 -6.40200153e-02
 -7.02459812e-02 -3.90763022e-02 -1.42083257e-01 -3.38680223e-02
 -1.51572027e-03 -3.96819040e-02 -5.00209536e-03  3.39830224e-03
 -6.74593821e-02  5.93475439e-03 -7.57089656e-05  4.89299707e-02
 -2.05413979e-02 -3.22105139e-02 -1.97478081e-03  6.73323572e-02
 -8.11551586e-02  6.38035079e-03 -3.99371348e-02 -7.83312097e-02
 -6.20509051e-02  3.04896347e-02  6.52449299e-03  5.00491820e-02
  3.19422968e-02 -2.46909820e-02 -4.87977900e-02 -8.36722106e-02
  2.00706590e-02  6.30981550e-02 -2.46424023e-02 -3.02540103e-33
  1.89586468e-02  1.46161407e-01  5.64115681e-03  8.74158517e-02
  4.07938138e-02 -2.55395491e-02 -2.59908512e-02  4.55976240e-02
  1.08061522e-01  5.25781102e-02  3.20810378e-02  8.42236802e-02
  7.38044158e-02  6.92979917e-02  5.86183332e-02  2.94126407e-03
 -4.94302399e-02 -2.47797277e-02 -1.12444712e-02 -3.44811864e-02
  3.53425331e-02 -2.23928876e-02  1.55595969e-02  6.30233884e-02
  1.94331957e-03 -1.82070944e-03 -3.18456367e-02  3.53303785e-03
  6.19778782e-02 -8.79301876e-02 -1.52194723e-02  5.26829697e-02
 -8.26254785e-02  5.50586022e-02 -1.03986502e-01 -8.27755556e-02
 -3.96353453e-02 -4.94106812e-03 -4.78205942e-02  9.28074718e-02
  1.02565050e-01 -6.06526136e-02 -1.63583383e-02  3.18922214e-02
  2.77082212e-02  6.25909045e-02  3.94865386e-02  7.26566613e-02
 -3.50859319e-03  1.05949342e-02 -1.53522464e-02  3.03312410e-02
 -1.58348251e-02  6.65571168e-03  6.42460883e-02  6.68926351e-03
  6.21082559e-02  4.13853209e-03 -1.26082852e-01 -4.86333109e-02
  9.18646082e-02  9.58623886e-02 -3.23375203e-02  5.20766154e-02
 -6.59174323e-02 -4.66702282e-02 -1.32129434e-02  9.40933765e-04
 -1.24092819e-03  3.70129868e-02 -8.95492360e-03  4.04210053e-02
  4.68880637e-03 -4.95631024e-02  1.96340978e-02  3.98191204e-03
  1.41861355e-02 -4.69824076e-02  1.15081179e-03  3.32172327e-02
 -3.94269917e-03 -1.46983163e-02  1.23248585e-02  8.35719809e-04
  6.82423241e-04 -1.58530083e-02  7.73370191e-02 -9.97759700e-02
  3.57824787e-02  1.00974105e-01 -1.18392527e-01  3.79444920e-02
  5.29584149e-03 -8.74581262e-02 -6.81279898e-02 -4.53704700e-08
  6.52668951e-03 -3.55325863e-02  1.55792413e-02  3.72829475e-02
 -3.28581408e-02  2.04443075e-02 -1.07233413e-01  1.18714869e-02
 -5.31750091e-04  3.73772606e-02  2.18225792e-02  3.85464057e-02
 -9.16669592e-02 -3.45815457e-02 -3.39090303e-02  8.60217027e-03
  1.28038544e-02  1.06843248e-01  1.49646774e-03 -2.50847954e-02
  5.12553519e-03 -1.75226945e-02  8.00370146e-03  6.11201022e-03
 -5.38150817e-02  5.44897616e-02  3.17970216e-02 -6.00981712e-02
 -5.98657355e-02  2.31108023e-03  3.67947966e-02 -4.24931832e-02
  5.37372306e-02 -3.56943905e-02 -4.82629798e-02 -4.18926179e-02
  1.57330148e-02  3.21274827e-04  2.11462993e-02 -1.70712881e-02
 -4.84503247e-03 -1.00128449e-01  1.12394374e-02 -2.30881646e-02
  4.21655476e-02 -6.76155537e-02 -3.52131575e-02  2.48665586e-02
  5.91880269e-02 -2.53574532e-02  6.02040030e-02 -4.37523313e-02
 -1.18971772e-01 -3.27358320e-02 -3.39850746e-02  2.18183659e-02
  1.20471818e-02 -3.81666534e-02 -1.31987259e-01 -5.37047461e-02
  5.04354388e-03 -1.16815798e-01 -4.76081707e-02  1.65549684e-02]
============================================================
ID: course_2
Course: Economic Decision Analysis
Embedding (length 384):
[ 1.39201414e-02 -2.06692256e-02 -5.77575378e-02 -3.15680206e-02
 -2.91712862e-02 -6.56522438e-02 -2.30808966e-02  3.97364609e-02
 -1.14167400e-03  9.15612578e-02 -7.46586770e-02 -1.55888693e-02
 -5.06008677e-02 -6.26700595e-02 -1.72173046e-02 -1.18631544e-02
 -1.49565004e-02 -6.53445944e-02 -5.72272465e-02 -6.15831763e-02
  1.60492808e-02  4.94786259e-03  7.29072243e-02 -6.31129146e-02
  1.39945000e-02 -1.95836704e-02  5.36206812e-02 -4.01420332e-02
 -3.51735838e-02  7.61929667e-04 -4.50220928e-02  1.37715042e-02
  1.45687431e-01 -4.86601964e-02 -3.31295356e-02 -4.85403202e-02
  6.34622648e-02 -1.51203368e-02  7.08367303e-02  5.56585379e-02
 -2.06807777e-02  3.53078991e-02  6.98373541e-02  9.44563095e-03
 -2.99249473e-03 -2.98627298e-02 -3.85886841e-02 -8.17893147e-02
  6.77269045e-03  1.09775341e-03 -6.41855597e-02  1.06092997e-01
 -8.49285275e-02 -4.25370522e-02 -7.58973463e-03  4.10626866e-02
 -5.68253337e-04  1.53972337e-03 -4.34263516e-03  9.30507574e-03
 -1.75955165e-02 -8.35061353e-03 -7.09511666e-03  2.52762008e-02
  5.67861386e-02 -1.99140329e-02 -4.29425314e-02  3.84991569e-03
 -2.56589968e-02  2.74910945e-02  1.56611204e-02 -1.15702366e-02
 -1.07087113e-01 -1.09224424e-01  7.56159946e-02 -4.50458005e-02
 -2.54479274e-02  6.03781566e-02 -5.61404740e-03 -2.56933086e-02
  3.91694680e-02 -1.79589354e-02 -4.69884695e-03 -5.34340367e-03
  5.85380271e-02 -9.19633210e-02  5.64157590e-02 -3.87615487e-02
  3.30705568e-02  7.40185454e-02  9.90985185e-02  6.68411329e-03
 -4.28157905e-03  2.28229184e-02  4.12586816e-02  5.48797362e-02
 -3.19983996e-02 -1.11667946e-01  4.06113453e-02  1.82052404e-02
 -4.18252572e-02 -1.66274980e-02 -5.05895652e-02 -1.87251624e-02
 -9.91318449e-02 -3.78221907e-02  3.79948840e-02  6.13865629e-02
  4.14797254e-02  4.89240289e-02 -2.63772625e-03 -6.23709522e-02
 -3.86834480e-02 -1.64674800e-02 -2.82849632e-02 -2.77100708e-02
  6.17289506e-02  1.60200428e-02  1.15192365e-02  1.02110557e-01
 -5.83146815e-04  2.75362749e-02  5.58017939e-02 -6.88227192e-02
 -2.63391975e-02 -5.80793321e-02 -1.05697833e-01  6.91256892e-34
 -1.54656135e-02 -8.26359540e-03 -3.29691581e-02 -3.37439775e-02
 -7.81970546e-02  3.93480696e-02 -2.52401233e-02  1.31501835e-02
 -1.44629311e-02  3.21976319e-02  1.21393455e-02  6.60820007e-02
  2.55563222e-02  2.69383006e-02  1.15618221e-01  2.86921933e-02
 -4.14806418e-02  1.90679748e-02 -4.27859090e-02  6.18057698e-02
  5.76292314e-02  2.78941425e-03  8.78036618e-02 -9.25669149e-02
  3.21318135e-02  6.00472018e-02 -1.63323916e-02  1.97971053e-02
  5.26163206e-02 -8.07440374e-03  8.08234513e-02 -9.13089048e-03
 -9.71909389e-02 -8.90030414e-02  1.86039861e-02 -5.12976805e-03
 -2.91931424e-02  9.55726951e-02 -1.93865150e-02 -1.47318719e-02
 -3.30637954e-02 -2.43386775e-02  4.02912647e-02  2.02868711e-02
 -5.05967550e-02  3.40078846e-02 -3.36323231e-02  2.07888056e-02
  1.10916659e-01 -3.24951597e-02 -9.57244709e-02 -8.08391571e-02
 -2.15039179e-02 -4.04794775e-02 -6.67057931e-02  3.79467905e-02
 -6.91684545e-05  6.69258973e-03 -7.78170377e-02  8.73810891e-03
 -2.47691702e-02  8.22924972e-02  1.20367305e-02 -9.21851024e-02
 -9.01500955e-02  6.23541931e-03 -1.43791452e-01  4.26920690e-03
  2.83737015e-02 -3.73389684e-02 -1.33535080e-02 -2.26121806e-02
 -2.46211141e-02 -2.26210244e-03  4.97023202e-03  5.98171428e-02
 -1.67114325e-02 -5.86864632e-03  2.29749307e-02 -1.22983772e-02
 -2.31990162e-02 -2.48130839e-02 -9.11278126e-04 -1.36059761e-01
 -2.30303314e-02  2.49417089e-02  1.61519628e-02  2.67403331e-02
  4.95941825e-02 -3.46637964e-02 -7.22405389e-02 -3.28266236e-04
 -5.41575141e-02  7.28605837e-02  3.26902792e-02 -5.80509253e-33
 -1.48712974e-02  1.37125567e-01  4.55653928e-02  9.63987559e-02
  2.30948515e-02  1.08642802e-02 -5.78620820e-04  2.81845964e-02
  8.06239322e-02  5.24606667e-02 -6.54774085e-02  6.56595603e-02
  3.17614861e-02  7.57782683e-02  7.11323181e-03 -4.15175334e-02
 -3.94982696e-02 -4.52579074e-02 -3.46330293e-02 -1.34708108e-02
 -2.85505578e-02  2.95522027e-02 -3.18624377e-02  2.57599503e-02
  3.73605676e-02 -3.29668485e-02 -5.44542223e-02 -4.60827984e-02
  2.44052727e-02 -8.92449766e-02  2.35541277e-02  1.27074830e-02
 -7.22999349e-02  2.29034256e-02 -6.94947243e-02 -6.67795166e-02
 -1.05325207e-02 -1.50174955e-02 -6.61214720e-03  1.10495828e-01
  6.02429807e-02 -5.02048135e-02  1.33384392e-02  4.21295092e-02
  8.77733156e-02  2.82419808e-02  8.46067965e-02  6.17551431e-02
  2.95069441e-02 -2.22314075e-02 -1.33912982e-02  2.47721225e-02
 -9.82240122e-03  6.26579747e-02  6.83538690e-02  1.33204637e-02
  7.98263922e-02  1.53365708e-03 -8.47899094e-02  2.83654146e-02
  5.90751357e-02  1.16711326e-01  4.48770709e-02  4.40291762e-02
 -1.49971377e-02 -2.24672128e-02 -7.58275343e-03 -1.64615829e-02
 -1.54967075e-02 -1.62106175e-02  7.87570048e-03  5.41758016e-02
  2.89498027e-02  1.16414046e-02  2.97835115e-02  4.45414782e-02
  1.00343442e-02  3.73653322e-02  6.74124286e-02  7.22242519e-02
 -1.82519946e-02  3.37621048e-02 -1.18376082e-02 -1.52174421e-02
 -5.29120071e-03 -4.09942605e-02  9.77976844e-02 -8.55179057e-02
  3.72366123e-02  2.05677729e-02 -8.09936896e-02  3.16052027e-02
  6.32704198e-02 -4.32064757e-02 -5.00522926e-02 -5.06130746e-08
 -2.02595070e-03 -6.88286424e-02  5.45453653e-03  6.78505749e-02
 -2.70829573e-02  2.33130846e-02 -9.23017934e-02 -3.48165706e-02
 -3.10467947e-02 -3.47443521e-02 -2.80430578e-02 -5.58753451e-03
 -1.40384302e-01  3.45442514e-03 -4.28966153e-03  3.16453688e-02
  3.47452722e-02  6.92879185e-02  1.74517650e-02 -6.73406422e-02
  4.32181358e-02 -4.74590957e-02  1.67959034e-02  1.33256344e-02
 -4.74348068e-02  4.10629399e-02  3.53529938e-02 -7.68611953e-02
 -9.72551107e-02  6.00956418e-02  2.13467199e-02 -1.40323844e-02
  7.72822201e-02 -8.27017650e-02  9.17036925e-03 -1.72890872e-02
 -3.32057546e-03 -5.70644438e-03  7.18754679e-02  1.19971968e-02
 -5.66695537e-03 -1.35255978e-01 -7.60429073e-03 -2.92583574e-02
  5.92064485e-02 -1.98468044e-02 -5.09079248e-02  4.74676403e-04
  4.70929220e-02  2.12695990e-02  7.89590031e-02 -1.64830498e-02
 -9.61368307e-02 -3.68773341e-02  2.59437244e-02 -2.05758982e-03
  9.18349344e-03 -5.66491000e-02 -1.47936836e-01 -7.77847320e-02
  4.03877534e-02 -8.20839182e-02 -6.39912710e-02  2.37346981e-02]
============================================================
ID: course_3
Course: Applied Econometric Analysis I
Embedding (length 384):
[-2.84325541e-03 -1.76972840e-02 -3.04515157e-02 -1.91409867e-02
 -2.31846590e-02 -7.78696984e-02 -3.64918448e-02  6.44226000e-02
  1.47450930e-02  6.18649572e-02 -3.33195291e-02 -5.04390001e-02
 -4.90559004e-02 -6.46568388e-02  8.86686798e-03 -1.39984246e-02
  6.76923105e-03 -6.89355806e-02 -5.64536527e-02 -3.06668337e-02
  1.84466671e-02  1.07699046e-02  8.93742293e-02 -3.30928676e-02
  1.94242544e-04 -9.78425145e-03  4.16456796e-02 -4.19425480e-02
 -3.84298302e-02 -1.91094838e-02 -5.05625829e-02  3.28451693e-02
  8.06104317e-02 -4.80600782e-02 -1.07357493e-02 -3.12352274e-02
  6.49211407e-02 -1.13633974e-02  6.68318942e-02  5.23572117e-02
 -4.55774814e-02  6.40778989e-02  1.12409323e-01 -4.13622195e-03
 -1.40559943e-02 -7.82278702e-02 -5.21261655e-02 -6.40618429e-02
  3.62609550e-02  1.65411942e-02 -3.40751074e-02  1.01907931e-01
 -8.86221305e-02 -2.98983660e-02 -9.14092455e-03  3.41667272e-02
  2.09559370e-02 -9.22614522e-03  6.23401627e-03  1.58406626e-02
  1.46728978e-02  4.79821488e-02  1.19768223e-02  4.56943959e-02
  9.28833187e-02 -3.06749232e-02 -4.83237915e-02 -3.79616534e-03
 -2.03042738e-02  3.15763168e-02  6.21345965e-03 -3.65726091e-03
 -8.05198550e-02 -8.94530192e-02  1.00836411e-01 -7.13824332e-02
 -6.78784400e-02  7.75161013e-02  9.50279273e-03 -1.38708414e-03
  6.75847381e-02 -1.21437907e-02  7.15693180e-03 -2.60681007e-03
  4.41206321e-02 -7.64987618e-02  5.89307584e-02 -3.43246125e-02
 -5.99795487e-03  1.11346520e-01  7.28788748e-02  4.53912057e-02
 -2.48789620e-02  4.31067310e-02  3.38708013e-02  2.82024238e-02
  2.55760942e-02 -1.20708451e-01  4.42557633e-02  3.84310856e-02
 -4.55182791e-03 -7.64907990e-03 -6.22716248e-02 -5.09115821e-03
 -7.40060732e-02 -4.47458662e-02  5.27672730e-02  5.15710982e-03
  1.69536825e-02  5.80177121e-02 -1.11550291e-03 -5.20220846e-02
 -4.46395874e-02 -1.46218371e-02 -4.60570529e-02 -3.86646986e-02
  5.60395569e-02  4.45559807e-02  2.92669442e-02  8.47695023e-02
 -2.02802625e-02  3.15194353e-02  3.51240039e-02 -5.50968237e-02
 -6.74056448e-03 -3.33812945e-02 -7.69476667e-02  3.09258090e-33
  2.27973815e-02 -5.87530993e-03 -3.52699310e-02 -4.55924384e-02
 -6.35414943e-02  4.21454795e-02 -2.94076651e-02  2.97080576e-02
 -1.04560517e-02  7.51442695e-03  2.42838562e-02  4.97017354e-02
  7.69983185e-03 -2.83743124e-02  8.15222785e-02  3.33741158e-02
 -5.63619882e-02  2.50031427e-02 -9.43463072e-02  3.84317897e-02
  2.82231141e-02 -4.20714393e-02  7.57547021e-02 -5.50306812e-02
  5.20365313e-04  5.40771857e-02 -1.60273761e-02 -1.33223832e-03
  8.79026670e-03  4.76051681e-03  8.61490667e-02 -1.68955456e-02
 -8.06774274e-02 -9.52183157e-02  1.56745855e-02 -1.27080092e-02
  2.34378111e-02  6.64480329e-02  2.08929050e-04 -4.82221192e-04
 -1.56738386e-02 -1.85563316e-04  6.65172487e-02 -3.94764431e-02
 -2.15041637e-02  2.13545561e-02 -1.11311590e-02 -7.68871885e-03
  9.29845348e-02 -3.04095950e-02 -9.38654169e-02 -6.04414232e-02
 -3.36813517e-02 -3.04217767e-02 -6.45017922e-02  1.97711196e-02
 -9.36498633e-04  1.33222202e-02 -5.36557212e-02 -1.30903395e-02
 -6.80036545e-02  1.00296818e-01  7.17303669e-03 -1.10032685e-01
 -6.73284382e-02 -3.63676026e-02 -1.38605192e-01  3.58628295e-03
  1.99217144e-02 -1.51774555e-03  3.50872101e-03 -4.79394309e-02
 -6.98804930e-02  3.13688777e-02  1.74245704e-02  3.09425686e-02
 -3.15960161e-02 -2.38156393e-02  3.21525335e-02  1.49260007e-03
  5.96657908e-03 -4.41737883e-02 -1.43519342e-02 -1.65701732e-01
 -6.11820556e-02  2.26011965e-02  1.93250626e-02 -4.01599482e-02
  5.99958748e-02 -5.62128946e-02 -4.11746837e-02 -1.39517626e-02
 -6.96009621e-02  7.49316067e-02  7.34446244e-03 -6.49907904e-33
 -1.29418336e-02  1.28039181e-01  5.29726632e-02  8.83793384e-02
  3.76321469e-03 -3.35508166e-03  1.73650794e-02  3.69801223e-02
  9.74172652e-02  6.66061714e-02 -5.44883981e-02  6.42778426e-02
 -1.45631796e-03  4.46817502e-02  4.18743305e-02 -2.88475640e-02
 -1.91167207e-03 -5.07422388e-02 -3.54832821e-02 -3.22895944e-02
 -1.58268828e-02  1.08347395e-02 -6.85312925e-03  3.48288044e-02
  3.64282504e-02 -5.68757989e-02 -8.24405253e-02 -2.46397797e-02
  2.68260669e-02 -8.80981013e-02  5.88382483e-02  2.30435897e-02
 -5.79007864e-02  5.02126552e-02 -5.55779152e-02 -6.07293136e-02
 -2.92508379e-02  1.23520996e-02 -2.58086789e-02  7.78750479e-02
  9.31278095e-02 -5.99063598e-02  2.95394994e-02  3.24515477e-02
  1.00924917e-01  6.93052709e-02  6.19162694e-02  5.31331785e-02
  1.41965952e-02  2.98410244e-02 -2.75222454e-02  2.47990694e-02
 -1.80709809e-02  6.87934831e-02  8.23023319e-02  1.73641294e-02
  9.22119021e-02 -2.18809061e-02 -9.29750055e-02  1.87577773e-02
  6.72695562e-02  1.08900219e-01  2.68421266e-02  2.41116937e-02
 -3.06552323e-03 -3.75202186e-02 -4.67258617e-02 -4.09326218e-02
 -3.31943408e-02  2.42141336e-02  4.19403836e-02  8.54298025e-02
  1.35749234e-02 -3.69730517e-02  1.44233403e-03  1.40924845e-02
  7.14235147e-03  4.66101654e-02  5.39575741e-02  4.96200062e-02
 -2.67856233e-02  5.13571016e-02  1.63751245e-02 -4.31441516e-02
 -3.00663579e-02 -1.78739522e-02  9.53486413e-02 -7.86344185e-02
  2.00617351e-02  8.27840865e-02 -8.89333785e-02  5.39256781e-02
  4.11252156e-02 -5.86526878e-02 -1.10352701e-02 -4.76774673e-08
  3.09436675e-03 -5.68420701e-02  8.53230897e-03  5.94061017e-02
 -1.82827245e-02  6.60830811e-02 -6.70043603e-02 -2.73774639e-02
 -1.94534026e-02 -5.25108390e-02 -1.74707286e-02 -3.51134352e-02
 -1.33502573e-01 -5.15033072e-03  2.76283342e-02  2.51047798e-02
  4.13472988e-02  8.64567906e-02 -1.23221520e-02 -7.74294734e-02
  4.37719598e-02 -1.83729716e-02  1.51254544e-02 -3.07640266e-02
 -4.27684933e-02  9.70994383e-02  5.35236746e-02 -8.92943665e-02
 -7.61185512e-02  5.86842522e-02 -9.73857008e-03 -2.94810385e-02
  5.92208952e-02 -8.71955603e-02 -7.08653592e-03  3.98504827e-03
  1.87742021e-02  5.00469888e-03  6.36130422e-02  1.35240294e-02
  8.01348779e-03 -8.36026594e-02 -3.52355726e-02 -2.39489824e-02
  5.44208288e-02 -5.58426045e-02 -3.26579437e-02  7.32948259e-03
  4.96560223e-02  2.47358419e-02  8.21142197e-02 -6.34213835e-02
 -9.93180498e-02 -3.14142555e-03 -7.56741036e-03  4.54758899e-03
  1.39990018e-03 -2.59977058e-02 -1.42176092e-01 -9.67182741e-02
  5.78048378e-02 -9.03814211e-02 -5.88160865e-02  3.44676673e-02]
============================================================
ID: course_4
Course: Engr Principles-Biol Systms
Embedding (length 384):
[ 2.07603928e-02 -7.27204606e-02 -1.31481150e-02 -7.02626035e-02
 -9.43941548e-02 -5.18785082e-02 -2.13506557e-02  7.42074922e-02
 -1.91871990e-02  5.24423048e-02 -6.67570755e-02 -3.03916745e-02
 -8.11099261e-02  3.12221553e-02 -3.97881903e-02 -1.22762248e-02
 -6.37451261e-02 -4.20559682e-02 -2.92388955e-03 -1.83746964e-02
  6.41591921e-02  5.88981509e-02  9.39738676e-02  7.81844463e-03
 -3.77821433e-03 -3.57072391e-02 -1.62841316e-04  2.89704911e-02
  2.19384339e-02 -2.76531763e-02 -2.60671116e-02  3.94424833e-02
  8.41992870e-02 -2.78791841e-02 -5.40132150e-02 -5.60887298e-03
  3.04120816e-02 -8.72662514e-02  4.75434661e-02  8.66361260e-02
 -2.67922617e-02 -2.93750316e-03  9.29042920e-02  7.24137994e-03
  3.35585922e-02  4.78909910e-02  4.03599022e-03 -1.03527494e-01
  1.78050976e-02 -1.15023216e-03 -8.56263191e-02  2.94091720e-02
 -9.88507941e-02  2.27444619e-03 -3.74829434e-02  6.27143607e-02
  4.82320786e-02 -2.80124675e-02 -3.93732749e-02 -5.04066385e-02
 -9.97146498e-03 -2.52713282e-02 -6.68734685e-02  3.21957916e-02
  3.82336900e-02 -3.48992944e-02 -6.06422406e-03  5.74031845e-02
  6.50243163e-02  4.50440496e-02 -4.39785756e-02 -4.47842404e-02
 -2.93621421e-02  4.13415022e-02  4.86505441e-02  1.79571025e-02
 -7.29721189e-02  3.74626815e-02 -1.87281761e-02 -1.04376702e-02
  2.00819690e-02  1.48984632e-02  3.96540165e-02 -1.27673736e-02
  6.04919381e-02 -8.72468054e-02  3.87912840e-02  3.94060761e-02
 -5.26311807e-02  5.12062013e-02  7.69835338e-02  2.72482680e-03
 -1.41348802e-02  4.71315272e-02  3.23526710e-02  7.55434856e-02
 -5.39061837e-02 -7.91519657e-02  5.65213524e-02 -1.21783232e-02
 -6.94681406e-02  3.62697355e-02 -5.16161844e-02  3.34502570e-02
 -7.55586848e-02 -3.14519294e-02 -6.25173002e-03  3.39100957e-02
  9.55816582e-02  6.82053119e-02 -2.06101835e-02  2.85979267e-02
 -2.34573465e-02  4.88167219e-02  1.08590666e-02 -4.94963266e-02
  5.24016283e-02 -3.09088249e-02  9.32517722e-02  1.60113014e-02
 -4.54109348e-02 -3.05285375e-03  5.99878915e-02 -6.39394522e-02
  3.17964219e-02 -1.53222289e-02 -9.14020538e-02  1.74961681e-33
  5.08178361e-02  1.10988142e-02 -7.71384453e-04  1.94846317e-02
 -9.67433397e-03 -8.71400721e-03 -3.91208678e-02  3.86506552e-03
  5.08600697e-02  2.10617650e-02 -5.04913330e-02  3.25462706e-02
  2.34626769e-03  2.15857872e-03  1.70789156e-02  2.07458455e-02
 -8.07149932e-02  4.11533043e-02 -2.77315620e-02  5.08334190e-02
 -2.48836204e-02  1.79088488e-02  6.17978349e-02 -3.22758704e-02
  1.68456174e-02  5.18485680e-02 -2.12551486e-02 -2.59931087e-02
  4.61662523e-02 -1.00291427e-02  3.99233028e-02 -6.17824718e-02
 -1.22910969e-01 -5.05816042e-02  4.20737900e-02 -2.15227413e-03
  5.01577230e-03  1.79049950e-02  1.06507026e-01 -1.25453100e-02
  4.05907966e-02  2.71702930e-02  1.35490909e-01 -5.75746521e-02
  5.11734746e-03  7.75392652e-02 -6.32384494e-02  1.00131501e-02
  9.18001831e-02 -3.97782922e-02 -6.42593652e-02 -7.88835883e-02
 -3.19470949e-02 -1.98098905e-02  4.53014821e-02  8.36091023e-03
 -2.73672342e-02  5.48790656e-02 -6.46418780e-02  2.35182140e-02
 -8.81790929e-03  9.21428725e-02  4.33998145e-02 -6.32393733e-02
 -2.31469814e-02 -6.69684783e-02 -1.97397813e-01 -1.84020102e-02
 -9.56661720e-03 -2.28353459e-02 -3.42488512e-02 -1.67069715e-02
 -3.84079739e-02 -2.99259312e-02  1.51287660e-03  2.97719631e-02
  2.18348913e-02 -1.11897048e-02 -4.98317368e-02  9.54082683e-02
 -4.37431000e-02  4.10314612e-02 -4.77745645e-02 -1.07778862e-01
 -2.84642894e-02 -3.25973965e-02  4.95140739e-02 -5.51617183e-02
 -1.31398095e-02  4.46237810e-03 -6.50676191e-02 -9.87052172e-02
 -8.44635144e-02  8.45628902e-02 -6.88148141e-02 -4.34097611e-33
 -2.55864207e-02  7.78573304e-02  6.08893521e-02  1.42281845e-01
  3.51978317e-02  1.12015102e-02  3.04118898e-02  8.38450193e-02
  6.32570833e-02  5.76256737e-02  3.87190171e-02  7.95779824e-02
  3.11000831e-02  1.25027020e-02 -1.84991639e-02 -2.77002132e-03
 -6.20227680e-02 -5.04726730e-02 -5.97957373e-02  1.33207329e-02
  6.43908652e-03  1.00480229e-01 -3.05913836e-02  3.81172411e-02
  2.70793363e-02 -3.99162844e-02 -5.20442091e-02 -3.48308240e-03
  3.66476574e-03 -7.81703219e-02  9.52197164e-02 -7.40214214e-02
 -5.43990545e-02  1.86670795e-02 -6.27435669e-02 -5.32453805e-02
 -4.42141527e-03  1.60825793e-02  8.52458924e-03  1.09225065e-01
  1.14952408e-01  2.99775228e-03 -2.40157191e-02 -4.72671613e-02
  7.70837590e-02  7.10996380e-03  1.63658131e-02  3.59253548e-02
 -7.88758788e-03  1.45249125e-02  6.48550689e-03 -1.45394141e-02
  3.67019586e-02 -1.99741498e-02  1.07732952e-01 -4.52471860e-02
  3.41119096e-02 -1.44547541e-02 -5.87733574e-02 -2.59701107e-02
  5.68647049e-02  3.55551355e-02  1.78932992e-03 -1.08544501e-02
 -3.72400917e-02  2.48799734e-02 -2.96700038e-02  4.90537658e-02
 -2.38573514e-02  9.43329781e-02  3.88857871e-02  1.00918584e-01
  4.82095219e-02 -8.42826720e-03  5.94900735e-02  3.90213123e-03
 -5.96463531e-02 -4.35210131e-02 -3.72661576e-02 -6.56595314e-03
 -3.60669941e-02  2.38764193e-03 -3.27108093e-02  7.78323039e-02
  1.11454809e-02  1.76477861e-02  1.23777270e-01 -2.48304866e-02
  2.37903073e-02  7.56304711e-03 -4.95738909e-02  4.12878022e-02
  9.05464068e-02 -2.18243804e-02 -1.72169041e-02 -4.41736745e-08
 -3.09369601e-02 -4.45824005e-02  2.27240901e-02 -1.89113729e-02
 -3.69596034e-02  6.49615973e-02 -1.15738869e-01 -1.51519626e-02
 -3.31082419e-02  2.21501291e-02  1.50701152e-02 -2.92964485e-02
 -1.15504168e-01  2.79970746e-02  2.68753357e-02  2.34470027e-03
  1.72361527e-02  1.24420390e-01 -1.34786041e-02 -7.91164935e-02
  2.37049907e-02 -1.62806157e-02  6.88434392e-03 -4.66887839e-03
  1.15819750e-02 -1.49233481e-02  7.56370947e-02 -9.69264209e-02
 -5.87681755e-02  6.87020225e-03  3.71486694e-02 -8.20854492e-03
  8.60413760e-02 -8.42749700e-03  1.99769717e-03  1.39706759e-02
 -2.05030460e-02 -1.50092784e-02  2.64849942e-02  2.04644520e-02
 -4.36696671e-02 -1.25228032e-01 -2.18356811e-02  2.25968566e-02
  4.56436276e-02 -4.23174649e-02 -6.77362755e-02  1.17142154e-02
  4.91114566e-03 -2.00005639e-02  7.58244470e-02  2.75464337e-02
 -8.66926610e-02 -4.48388141e-03 -2.32450385e-02  5.72202727e-02
 -3.21149901e-02 -2.86607388e-02 -7.42432848e-02 -7.60526806e-02
  4.01718132e-02 -2.00994462e-02 -6.76249489e-02 -1.91370153e-03]
============================================================
ID: course_5
Course: Food&Bioprocessing Operations
Embedding (length 384):
[ 5.81666688e-03 -4.76552881e-02 -2.82178987e-02 -2.00649854e-02
 -9.66660157e-02 -8.10748637e-02 -8.65163356e-02  1.92962177e-02
 -5.12822233e-02  1.55479228e-02 -4.15391400e-02 -6.08589947e-02
 -8.03555176e-02 -4.38379450e-03 -7.91157633e-02 -6.75775334e-02
  4.78622951e-02 -5.43845408e-02 -6.15060516e-02 -8.36008117e-02
  3.81828994e-02  2.64013484e-02  1.00602932e-01 -3.06223687e-02
  1.96546651e-02 -1.89951919e-02 -2.09886320e-02 -4.63585071e-02
 -3.82935144e-02 -4.61255154e-03 -3.36370133e-02  2.39471495e-02
  1.35920197e-01 -7.34015331e-02  4.15390078e-03  7.83773512e-03
  7.46208355e-02 -9.20663178e-02  5.47241010e-02  8.09394568e-02
 -1.17555838e-02  1.84199419e-02  6.31409511e-02  3.24722342e-02
  2.70588528e-02 -1.38737317e-02 -8.97466391e-02 -1.08871602e-01
  2.61320248e-02 -3.70634091e-03 -8.04292113e-02  3.38493027e-02
 -1.19729467e-01 -1.15847196e-02 -1.14222420e-02  4.95286547e-02
  3.10550407e-02 -3.94092053e-02 -4.42044064e-02  6.01207325e-03
 -3.59498709e-02  1.73617015e-03  6.15968928e-03  3.12602557e-02
  4.09405082e-02 -8.11159536e-02 -2.56353039e-02 -1.79947335e-02
  2.65530739e-02 -2.82470621e-02 -9.33357514e-03  8.26679356e-03
 -3.82418446e-02 -1.72958188e-02  7.69448504e-02  7.06073921e-03
 -5.98905981e-02  2.86152512e-02 -1.68238971e-02 -4.09739725e-02
  5.60874902e-02 -1.95107292e-02  3.59034464e-02  1.45089403e-02
  3.23146172e-02 -9.30983797e-02  3.06271501e-02  2.84832492e-02
  2.05117799e-02  7.19727948e-02  7.86262304e-02 -6.18520239e-03
  1.81218237e-02 -1.82617642e-02 -9.91481240e-04  4.77972440e-02
 -3.75666544e-02 -1.33083954e-01  6.22674040e-02 -2.65993513e-02
 -9.24773887e-02 -2.04041619e-02 -2.31918022e-02 -6.47544116e-02
 -4.37590405e-02 -1.57716684e-02  2.23872922e-02  2.69437358e-02
  5.67049645e-02  6.76100701e-02  1.91011764e-02  3.05142663e-02
 -3.11569814e-02  2.06799749e-02 -1.80004183e-02  3.39339040e-02
  6.81924894e-02 -4.54304703e-02  5.55098653e-02  3.85849513e-02
 -7.30020329e-02 -2.86660087e-03  5.69059029e-02 -5.60686924e-02
 -7.06142373e-03 -3.30248922e-02 -5.57170138e-02  1.27321962e-33
  3.15425023e-02 -3.97424214e-02  2.75940727e-02 -1.42047200e-02
 -1.23949405e-02 -1.18405872e-03 -4.51023504e-02 -7.19500799e-03
  5.95222078e-02  1.93581395e-02 -1.83214005e-02  4.18640412e-02
 -7.05454359e-03  2.06053518e-02  1.10855334e-01  6.50808029e-03
 -2.20884965e-03  3.36513855e-02 -1.01585723e-02  6.87993616e-02
 -3.95124406e-02 -3.63068320e-02  4.32457291e-02 -1.98448654e-02
  4.82230112e-02  8.27635080e-02 -4.52947319e-02 -8.90292972e-03
  1.67018175e-02 -8.47491063e-03  8.68899450e-02 -3.43794674e-02
 -1.11449137e-01 -4.92866114e-02  3.84148732e-02  2.19699107e-02
  3.74425761e-02  4.61849868e-02  6.40759617e-02  8.53205286e-03
  1.49755087e-03  3.17500085e-02  9.38048884e-02 -3.57705504e-02
 -6.84085563e-02  4.22064662e-02 -4.30409461e-02  7.39716217e-02
  8.14917311e-02 -1.07689796e-03 -6.29230589e-02 -5.25178351e-02
  2.56666988e-02  1.36202052e-02 -4.03699577e-02  4.22790051e-02
  3.57182361e-02  4.43090945e-02 -8.94474704e-03  3.78700309e-02
 -2.04214510e-02  1.51299223e-01 -1.86292510e-02 -4.17133346e-02
 -6.18521497e-02 -8.46028030e-02 -1.14525333e-01 -2.21935008e-02
  2.93826554e-02  5.37615083e-02 -4.21846025e-02 -5.92815168e-02
 -6.09027706e-02 -4.13231850e-02  2.35682167e-02  5.50945960e-02
 -8.36628489e-03 -4.14718091e-02 -1.09653557e-02  5.28464764e-02
  2.20501907e-02  1.65873617e-02 -4.20260504e-02 -1.17391922e-01
 -9.43829790e-02  6.32426664e-02 -1.90021303e-02  1.39511796e-02
  1.82413682e-02  1.14682000e-02 -4.99919951e-02 -4.77448106e-02
 -1.28691420e-02  9.54533145e-02 -4.50613461e-02 -4.62485726e-33
  7.91532733e-03  9.69264805e-02  2.60901060e-02  1.14585996e-01
  2.85848714e-02 -4.07741331e-02  2.13547312e-02 -2.32095327e-02
  8.05281103e-02  1.01386104e-02 -3.20473090e-02  1.04091518e-01
 -1.03776925e-03 -8.09949415e-04  1.60897225e-02  3.69289964e-02
 -5.41064665e-02  4.30740677e-02 -5.40633425e-02 -3.32118869e-02
 -6.62119165e-02  2.96292324e-02  6.48530433e-03  1.77283045e-02
  9.02595464e-03  1.09533919e-03 -6.53480515e-02  1.78659018e-02
  1.99019033e-02 -9.44275111e-02  5.31959906e-02 -7.29902312e-02
 -3.92796472e-02  2.36385241e-02 -7.03665912e-02 -5.09737581e-02
 -4.45666444e-03  7.61692040e-03  4.67641167e-02  8.64190087e-02
  1.19016200e-01 -5.71880341e-02 -3.94787639e-02  8.63232240e-02
  4.68436442e-02  3.73330414e-02  6.92025498e-02  1.47810699e-02
  1.50013259e-02  3.92563902e-02 -3.84350121e-02  2.36876979e-02
 -9.41398181e-03  3.07766744e-03  8.44583958e-02  6.20370470e-02
  5.31153269e-02 -8.03100783e-03 -1.10954762e-01 -3.24845389e-02
  6.55246675e-02  7.32657537e-02  3.08652762e-02  3.35141905e-02
 -2.91363839e-02  5.49706370e-02  8.04058928e-03  1.71433331e-03
 -3.73797305e-02  4.52913679e-02  6.44011572e-02  1.24571972e-01
  6.49536550e-02 -3.21895629e-02 -2.18601823e-02 -2.94098388e-02
  2.36958265e-03 -9.03780013e-03 -1.06015736e-02  3.13715823e-02
 -7.44431186e-03 -1.58423111e-02 -2.56088618e-02  2.22937651e-02
 -1.54440189e-02 -1.83337200e-02  1.15287691e-01 -7.76734129e-02
  2.35479604e-02  8.17562193e-02 -7.35780373e-02  1.81659199e-02
  6.37051538e-02 -4.12907302e-02  1.82784870e-02 -4.57461375e-08
  3.44758108e-02 -6.99453503e-02 -5.33132395e-03  4.78396490e-02
  1.58354696e-02  1.22480774e-02 -9.84191373e-02 -1.66605003e-02
  6.42516417e-03  8.42503831e-03 -4.88996878e-02  2.30837315e-02
 -1.51742190e-01 -9.00492887e-04  2.61814706e-02  2.26054378e-02
  3.00737545e-02  1.08585499e-01 -2.31430866e-02 -3.51296701e-02
  1.18399709e-02 -4.20302488e-02 -1.16725806e-02  7.69746955e-03
 -7.33553842e-02  1.59076285e-02  3.71514633e-02 -5.68766296e-02
 -3.89182828e-02  2.36331224e-02  4.99731079e-02 -2.92526986e-02
  7.34040216e-02 -1.32105406e-02  2.28312463e-02 -6.33272231e-02
 -4.45768312e-02 -2.52399966e-02  1.67024974e-02 -8.29650089e-03
 -4.98255938e-02 -9.24376473e-02 -1.75221860e-02  3.18820849e-02
  3.73242535e-02  2.01411489e-02 -8.47633779e-02  4.06107567e-02
  5.60239218e-02  2.74690781e-02  7.19169080e-02 -1.80126168e-02
 -7.99161494e-02 -3.18670310e-02 -2.88964249e-02  7.13067949e-02
  7.07971258e-03 -8.02197158e-02 -6.86131269e-02 -7.78612420e-02
  4.49514724e-02 -8.77779275e-02 -1.82019472e-02 -4.25088555e-02]
============================================================
ID: course_6
Course: Water Mgmt Systems
Embedding (length 384):
[-2.03881636e-02 -2.16797665e-02 -4.89438744e-03 -1.47196874e-02
 -5.21920510e-02 -8.57959241e-02 -4.35387641e-02  2.96120737e-02
 -7.43231177e-02 -4.36844788e-02 -1.00635886e-01 -7.66355991e-02
 -3.02036367e-02  2.39582136e-02 -6.66020140e-02 -2.07899492e-02
 -4.23679203e-02 -4.13277373e-02 -3.86730693e-02 -9.91903320e-02
 -1.99238565e-02 -2.06670724e-02  5.56203164e-02 -1.25741735e-02
 -1.71272270e-02  2.31213588e-02  4.61764894e-02 -3.17136897e-03
 -4.10669707e-02  2.16310732e-02 -7.37992451e-02  2.60824580e-02
  1.15922585e-01 -1.35004058e-01  1.12621915e-02  9.36967600e-03
  3.80055346e-02 -8.81326646e-02  1.18642524e-02  5.45466803e-02
 -1.99574959e-02  4.33991291e-02  1.02869615e-01  3.99286598e-02
 -5.96307730e-03  1.24745746e-03 -8.04063529e-02 -7.43030384e-02
 -4.61765416e-02  4.46518660e-02  1.38741396e-02  5.50985336e-03
 -5.52524887e-02  2.37239581e-02 -3.88342775e-02  1.47994068e-02
  2.10302621e-02  1.73161477e-02 -4.80502099e-02  1.78857408e-02
 -1.87844746e-02  2.89173443e-02 -5.59580661e-02  3.47266793e-02
  1.00670114e-01 -1.54791176e-02 -9.45102423e-02  5.70023507e-02
  8.76029674e-03 -5.48982210e-02 -3.53052765e-02  3.29123950e-03
 -1.68238264e-02 -5.08547872e-02  3.25087942e-02 -1.51686408e-02
 -8.21068957e-02  5.71575724e-02  3.67416665e-02  3.09392512e-02
  4.82483879e-02 -3.24871601e-03  8.10448825e-02 -2.97247376e-02
  3.92503403e-02 -4.51997370e-02  1.21042449e-02  2.78129540e-02
  4.14349250e-02  3.32198665e-02  7.44826160e-03 -3.00728865e-02
 -6.01300895e-02 -3.60738812e-03  7.40822498e-03  1.19934887e-01
 -5.77016063e-02 -1.22873344e-01  3.18574533e-02 -2.40452151e-04
 -4.00444567e-02  1.48508698e-02 -9.36599541e-03 -2.57386751e-02
  3.37397121e-02 -4.25438620e-02  6.36719689e-02  9.22832340e-02
  3.34081016e-02  1.26115801e-02  1.97660364e-03 -6.29875436e-02
  1.96792185e-02  1.06239934e-02 -3.03402673e-02 -2.45595593e-02
  3.16499695e-02 -1.28048705e-02  3.76942009e-02  7.46430550e-03
 -4.80823591e-02 -5.13267424e-03  7.61612505e-02 -5.03958985e-02
 -4.98528639e-03  2.17084568e-02 -7.09542632e-02  9.89908818e-35
  4.83395346e-02 -5.84519170e-02  4.12089601e-02  1.14522902e-02
 -2.24868283e-02 -2.15379819e-02 -1.20048644e-02  1.74247678e-02
  3.06016188e-02  1.23311505e-02  2.05277260e-02  4.56194468e-02
 -5.21273389e-02 -4.40708436e-02  8.15329254e-02  8.69838614e-03
  5.91575028e-03  5.30937361e-03 -6.97980374e-02  5.03351614e-02
 -1.71613563e-02 -2.13389359e-02 -7.38713378e-03 -6.53268620e-02
  4.78268452e-02  5.88001423e-02 -1.50596984e-02  2.37609893e-02
  1.49696199e-02 -3.04442155e-03  8.12894255e-02 -2.54519712e-02
 -9.12215039e-02 -3.27810384e-02  2.58330125e-02  4.12224345e-02
  4.08288762e-02  2.10704766e-02  5.52632324e-02 -7.00827166e-02
  1.34208687e-02  1.92036778e-02  9.59807336e-02 -4.05209027e-02
 -1.17152957e-02  4.49290387e-02 -8.98459461e-03 -3.05749271e-02
  1.03149921e-01 -2.12972015e-02 -7.46881813e-02 -3.50861773e-02
 -4.33604084e-02  6.40161708e-02 -1.65312961e-02  1.85560074e-03
  4.41543795e-02  5.38624562e-02 -2.55311560e-02  4.83717583e-02
 -9.64884460e-02  1.01987772e-01 -2.66873948e-02 -8.36260244e-02
 -3.43304090e-02 -2.21251547e-02 -6.36985302e-02  5.03715780e-03
  2.43399814e-02 -1.15819788e-02 -5.29078059e-02 -5.26621751e-02
 -7.04248026e-02  3.77761237e-02  3.00308932e-02  3.24156210e-02
  5.68191521e-02 -3.88423242e-02 -2.52923742e-02  8.94771069e-02
 -2.76182052e-02  6.49712700e-03 -1.37092751e-02 -6.61580935e-02
 -6.78564534e-02  1.41012911e-02  2.92251399e-03  1.64988767e-02
 -1.57417152e-02  6.51922822e-03  1.99645367e-02 -2.68035941e-02
 -5.17242763e-04  7.51099065e-02  2.39828811e-03 -3.98148973e-33
  8.13934393e-03  1.02425747e-01  3.19143478e-03  5.56083582e-02
  1.01632886e-01 -3.78802717e-02  3.33842561e-02  5.14033856e-03
  1.01431377e-01  5.14717437e-02 -3.63998711e-02  1.22300729e-01
 -3.55512388e-02  1.75655819e-02  3.86702940e-02  4.10861149e-03
  4.55713802e-04 -3.34606692e-02 -6.15568785e-03 -3.51056755e-02
  1.23401685e-02  3.62769216e-02  1.64843220e-02  3.63906436e-02
 -5.90609126e-02 -3.22437063e-02 -5.73899597e-02 -6.21964224e-02
  2.80751046e-02 -1.29721062e-02  2.51213908e-02  1.95959099e-02
 -1.05291931e-02  8.57353285e-02 -5.90480790e-02 -1.09568290e-01
  7.44841015e-03  5.68466969e-02 -5.22384234e-02  9.29721668e-02
  7.71845952e-02 -1.04014747e-01 -5.23454219e-04  2.81313565e-02
  2.43272316e-02  8.98743868e-02  9.17224139e-02 -2.35805605e-02
 -6.47423277e-03  2.20662020e-02 -1.01182453e-01 -4.06807661e-02
 -1.19680353e-02  6.09679036e-02  6.53290898e-02 -4.90936115e-02
  1.05270699e-01 -2.61799935e-02 -1.17957033e-01  2.95000114e-02
  8.45958516e-02  8.58651474e-02  1.96181480e-02  3.70275006e-02
 -7.73480609e-02  4.59074043e-02 -3.14868018e-02  4.45709117e-02
 -4.65581641e-02  3.39034311e-02 -5.19502151e-04  2.92821545e-02
  7.70707503e-02 -1.02868164e-02  7.96178356e-04 -7.21392930e-02
 -2.21832357e-02  2.85773017e-02 -1.05311871e-02 -9.95582342e-03
  7.68913981e-03  1.37585059e-01 -5.76925166e-02  2.04515606e-02
  5.76187856e-02 -5.95548451e-02  1.12145014e-01 -1.16749272e-01
  3.90941985e-02  7.71139637e-02 -5.10711372e-02  3.30397375e-02
  2.44237725e-02 -1.51438303e-02  1.28656216e-02 -4.55149269e-08
 -9.19224322e-02 -2.27712169e-02 -7.09227286e-03  2.60817539e-02
 -3.19350399e-02 -6.84762548e-04 -9.44907144e-02  6.75209761e-02
 -3.74462083e-03 -2.83857957e-02 -2.89042406e-02 -5.28699532e-02
 -1.13920577e-01  1.34604136e-02  7.18213758e-03  2.06819177e-02
  5.73286824e-02  4.72610518e-02 -3.55341360e-02 -3.69403176e-02
  8.33695475e-03 -5.94406836e-02  3.20939310e-02  1.53220221e-02
 -8.46501365e-02  8.01236108e-02  5.00801718e-03 -7.44914412e-02
 -5.17422669e-02  3.12717445e-02  8.24896991e-02 -2.04165969e-02
  7.44304955e-02  2.62875874e-02  1.83763355e-02  1.32814217e-02
 -2.51036137e-02 -2.12260280e-02 -5.32571087e-03 -1.59342529e-03
 -6.32153600e-02 -8.15909579e-02  7.35425809e-03 -1.33029865e-02
  9.89892930e-02  7.13217538e-03 -8.24651495e-02  1.23095149e-02
  9.69621837e-02  2.21443791e-02  9.72521678e-02 -5.41237891e-02
 -8.00663605e-02 -4.26228382e-02  3.35284099e-02  9.79062635e-03
  3.80429183e-03 -5.09599298e-02 -8.32379162e-02 -1.07624233e-01
  6.88856170e-02 -6.33470044e-02 -9.80320107e-03  2.79137641e-02]
============================================================
ID: course_7
Course: Science and Storytelling
Embedding (length 384):
[ 2.00039595e-02 -3.17213535e-02 -1.26161985e-02  1.84443947e-02
 -6.68326393e-02 -8.63165259e-02 -4.34359238e-02 -3.65412026e-03
  9.99245048e-03  6.27733320e-02 -5.20443618e-02 -3.77359539e-02
 -3.33028361e-02  6.30467758e-03 -2.96598505e-02 -2.37365607e-02
  5.98433474e-03 -9.04912800e-02 -2.58405935e-02 -3.26129459e-02
  2.58451160e-02  2.86894180e-02  1.41979024e-01 -3.23200002e-02
  7.10547864e-02 -5.34532443e-02  1.23649626e-03 -2.68070251e-02
 -4.98705395e-02 -1.66876651e-02 -6.20121174e-02  4.47829664e-02
  8.12496766e-02 -3.99236158e-02 -2.37089843e-02 -3.72822471e-02
  7.33572766e-02 -2.52916161e-02  5.77285551e-02  9.26902667e-02
 -5.08814752e-02  6.36378899e-02  1.09536871e-01  8.97345394e-02
  1.38506610e-02 -5.71900532e-02 -8.99575427e-02 -7.17824027e-02
 -1.31851733e-02  1.57441963e-02 -3.30657959e-02  7.98403323e-02
 -9.27746370e-02  1.19868452e-02 -3.53596918e-02  4.87928689e-02
  2.61278022e-02  3.87131795e-02 -1.04778903e-02 -5.59911877e-03
 -1.32541806e-02 -2.13258918e-02 -2.53744964e-02  7.62938932e-02
  3.42063159e-02 -5.50622754e-02 -4.04871404e-02  6.50746524e-02
  4.43861932e-02 -2.31558401e-02 -1.46630052e-02  5.33816218e-02
  1.77205559e-02 -4.88697775e-02  1.59065410e-01  3.51724768e-04
  3.62343085e-03  2.52117570e-02  7.81254843e-03  1.50049841e-02
  6.35182709e-02 -1.10889366e-02  1.99047700e-02 -8.22127052e-03
  4.84701097e-02 -9.92909074e-02 -8.36269697e-04  1.74040720e-02
 -4.30666655e-02  3.60377766e-02  4.94055524e-02 -1.99675821e-02
 -2.98675485e-02  3.39864679e-02 -4.15007677e-03  6.74501732e-02
 -3.77254337e-02 -1.34706602e-01  2.59140134e-02  8.01881403e-03
 -8.31041783e-02 -5.87566011e-03 -4.18284424e-02 -3.37603316e-02
 -4.25077416e-02 -2.42774971e-02  3.80448550e-02  3.24696489e-02
  3.49775106e-02  7.87191167e-02  5.61828986e-02  2.20663007e-03
 -6.78443909e-02  1.75344236e-02  3.35544273e-02  5.21686375e-02
  4.98578697e-02  2.86753625e-02  6.18859679e-02  3.98222581e-02
 -2.31265482e-02  1.52661018e-02  5.28878793e-02 -6.16247505e-02
  1.32818371e-02 -2.68087871e-02  1.55475142e-03 -3.76715662e-35
  6.57425523e-02  5.04550934e-02 -3.52792628e-02  2.83587873e-02
  1.46547277e-02 -1.76804028e-02 -4.11230102e-02  1.82382502e-02
 -6.17373064e-02  1.99028924e-02 -1.99787095e-02  1.16258405e-01
 -2.56453268e-02  1.33729028e-02  9.20511410e-02 -2.35206028e-03
 -9.66589525e-02  1.15628298e-02 -2.73330435e-02  6.82842433e-02
  7.33092008e-03 -2.89312564e-02  3.15653645e-02 -1.63395833e-02
  2.16359142e-02  7.36512393e-02 -2.15393957e-02 -2.10290886e-02
  4.48084325e-02  4.69476776e-03 -1.22274514e-02 -2.98342910e-02
 -9.00947675e-02 -9.79095027e-02  6.54963329e-02 -1.91486138e-03
 -1.13154138e-02  6.49181474e-03  9.07716602e-02  1.67607665e-02
 -2.80856714e-02  3.21519524e-02  2.01964471e-02 -5.80515824e-02
 -2.44902056e-02  1.81358680e-02  1.49666434e-02  1.05484119e-02
  2.22062357e-02 -2.91076466e-03 -1.24622382e-01 -8.85563418e-02
 -3.89330164e-02 -2.76022088e-02  8.63820780e-03  1.39276274e-02
  6.50063455e-02  3.21409553e-02 -3.57419555e-03  3.51068042e-02
  2.89766379e-02  8.46019089e-02  2.47516558e-02 -8.11761022e-02
 -6.17737621e-02 -7.12287053e-02 -1.40956983e-01 -4.02003974e-02
  9.81496740e-03 -2.52676588e-02 -3.69383246e-02 -6.80610910e-02
 -9.71155390e-02 -1.08651416e-02 -1.20546333e-02  4.68726754e-02
  6.85835164e-03 -5.00564836e-02 -2.74874060e-03  9.68019664e-02
 -3.70495617e-02 -4.68043461e-02 -8.35310146e-02 -1.06247246e-01
 -6.28976226e-02  2.08902825e-02  1.07918005e-03 -5.89867085e-02
 -7.99985416e-03 -4.88427617e-02  1.27676623e-02 -6.11880422e-02
  1.43013448e-02  2.25129481e-02 -2.08329633e-02 -2.65500019e-33
 -1.91091951e-02  1.33216619e-01  2.34919973e-02  1.05544105e-01
  2.65286323e-02 -4.77860160e-02  4.61850967e-03  3.75650562e-02
  7.80419186e-02  8.40193927e-02 -4.99285534e-02  6.71304911e-02
 -1.69647802e-02  5.53553598e-03  4.72361259e-02 -5.72276488e-02
  1.74082082e-03 -8.35486222e-03 -3.45223099e-02  3.32097197e-03
 -2.85439333e-03  2.98674442e-02 -3.43843400e-02  1.55439423e-02
  4.97211106e-02 -4.77802791e-02 -4.25457284e-02 -3.90910022e-02
  6.78302580e-03 -5.62605821e-02  5.01717031e-02 -4.25074846e-02
 -9.33756772e-03  2.88169552e-02 -5.48696369e-02 -2.79871169e-02
  9.07139629e-02  2.97111459e-02 -1.71427336e-02  4.91996035e-02
  1.04434744e-01 -7.14994743e-02 -3.15896124e-02  5.48303649e-02
  5.82291968e-02  4.63156030e-02  6.89297616e-02  6.63361400e-02
 -5.73186856e-03  2.31381375e-02 -3.33842076e-02 -2.02825572e-02
  2.31714323e-02 -2.64982157e-03  9.78052467e-02 -6.30951254e-03
  1.60820056e-02  3.15109105e-03 -7.75529370e-02  9.90733970e-03
  1.08509734e-01  8.78906772e-02  2.13030376e-03  5.60949966e-02
 -4.89411280e-02 -3.82385850e-02 -3.96516956e-02  7.22791925e-02
 -1.06666192e-01  5.47646955e-02  2.87776589e-02  5.82787804e-02
  3.63405980e-02 -2.99479831e-02 -1.79930776e-02  1.18875206e-02
  2.75851903e-03  8.02497566e-03  8.40800256e-03  4.24215980e-02
 -5.78159504e-02  4.06193100e-02 -5.84092131e-03  4.13082056e-02
 -2.26747971e-02 -6.87310426e-03  1.27491862e-01 -6.16159923e-02
  2.40330212e-02  3.02275661e-02 -4.66945581e-02  4.96169180e-02
  8.54409859e-02 -2.79800706e-02 -4.55639288e-02 -4.27480096e-08
 -5.14092781e-02 -3.97890694e-02  8.83670407e-04 -2.88828444e-02
 -3.48255411e-03  1.11403123e-01 -5.05824499e-02 -4.10366245e-02
 -1.82823390e-02  2.79427841e-02 -1.02669662e-02 -2.85782032e-02
 -1.22772641e-01 -1.56006832e-02  4.74288836e-02  3.73797193e-02
  3.89463492e-02  6.09157681e-02 -1.03818951e-02 -1.52096171e-02
  6.51203915e-02 -5.91187924e-03  1.68112461e-02 -4.63258987e-03
 -9.01303589e-02  7.22583905e-02  5.92212453e-02 -5.93797229e-02
 -2.91447677e-02  3.65593731e-02 -4.68568765e-02 -3.68893668e-02
  1.05825085e-02 -5.81128895e-02 -4.06599306e-02 -3.06683965e-02
 -3.11426371e-02  3.00122518e-03  3.86874340e-02  2.10306607e-02
 -3.74525227e-02 -1.12702787e-01  7.00895786e-02  7.33050751e-03
  3.87084149e-02  9.90689849e-04 -8.00902471e-02 -1.49298199e-02
  3.89590673e-02  1.38415089e-02  2.07788497e-02 -1.69517212e-02
 -1.46311164e-01 -6.51002228e-02 -2.84801424e-02  3.94906066e-02
  5.49025950e-04 -3.79150435e-02 -1.35544583e-01 -7.51192495e-02
  3.67386192e-02 -3.58846784e-02 -5.92021383e-02  2.06607506e-02]
============================================================
ID: course_8
Course: Science, Media and Society
Embedding (length 384):
[ 1.21232253e-02 -4.99636866e-02 -3.91998291e-02 -4.64772573e-03
 -4.43948135e-02 -4.70314398e-02 -5.58261499e-02  4.67696115e-02
 -1.97186274e-03  9.72888470e-02 -5.30108958e-02 -3.10079791e-02
 -3.79079282e-02  2.15221830e-02 -4.14090417e-02 -1.19899865e-02
 -3.46028768e-02 -6.48287684e-02 -5.07141128e-02  1.75752735e-03
 -7.74363102e-03  4.77662422e-02  1.38444290e-01 -3.32354903e-02
 -1.15241287e-02 -4.68952209e-02  2.73581129e-02 -6.51896447e-02
 -5.66263944e-02  1.28651224e-02 -4.06352617e-02  2.35461313e-02
  7.83806816e-02 -5.37547395e-02 -1.24819465e-02 -8.29670299e-03
  5.89563400e-02 -4.86231297e-02  3.74867171e-02  1.00891545e-01
 -1.55985951e-02  5.70521094e-02  1.07898034e-01  7.49224424e-03
 -3.28679979e-02 -4.60205004e-02 -3.94400954e-02 -8.55074823e-02
 -1.78676508e-02  5.29214926e-02 -5.05862758e-02  7.59005323e-02
 -1.06672354e-01  1.92164276e-02 -1.82871986e-02  1.16486968e-02
  2.87088342e-02  4.46332879e-02  1.19087547e-02  7.35808024e-03
 -1.54186040e-02 -2.34736279e-02  3.39627755e-03  5.00983931e-02
  8.39272887e-02  7.33858766e-03 -5.63259684e-02  3.41633894e-02
  5.04331775e-02  4.77312552e-03  6.62076240e-03  9.40257534e-02
 -3.25445132e-03 -4.18062396e-02  1.21455833e-01 -4.82526831e-02
 -5.18899523e-02  5.24217151e-02 -1.64386015e-02  2.80442163e-02
  8.60600844e-02 -3.09395026e-02  1.83409099e-02 -3.81485149e-02
  4.69228700e-02 -9.83372182e-02 -1.25370566e-02 -1.28190117e-02
 -3.24756131e-02  6.60240948e-02  3.52808423e-02  2.71601658e-02
 -3.32916230e-02  4.81758341e-02  3.42872627e-02  3.26821171e-02
 -8.13078508e-03 -1.52181178e-01  4.81949970e-02 -1.36386268e-02
 -7.49527812e-02 -1.83027785e-03 -3.93358581e-02 -5.06803207e-02
 -6.05139211e-02 -7.38041624e-02  2.31062695e-02  2.53295470e-02
 -1.13150096e-02  6.85547143e-02  1.40381735e-02 -2.91784815e-02
 -2.67466325e-02  9.22652893e-03  6.23637252e-03 -1.11154085e-02
  6.95979893e-02  2.64016781e-02  7.46403635e-02 -1.47126112e-02
 -4.44949344e-02  2.34383973e-04  5.81507497e-02 -9.49249342e-02
  2.48658680e-03 -5.78935817e-02 -5.87987639e-02 -1.13229741e-33
  7.78400823e-02  2.05457807e-02  7.47753354e-03 -2.47248355e-03
 -2.84516942e-02  2.22781114e-02 -1.62513871e-02  3.16070132e-02
 -1.87601484e-02 -5.35766548e-03  3.41852084e-02  7.80417547e-02
 -1.10699143e-02  2.71544140e-02  2.99538504e-02  5.65571859e-02
 -3.43756042e-02  5.92658017e-03 -7.64317587e-02  3.18440273e-02
  6.21181505e-04 -9.94104799e-03  7.41676167e-02 -3.89736928e-02
  1.79733057e-02  4.49345373e-02 -3.53851877e-02 -4.03631069e-02
  1.12545621e-02 -1.24524795e-02  1.69152673e-02 -1.36556970e-02
 -7.35846758e-02 -8.32158476e-02  5.19463010e-02  6.82011386e-03
  2.53308136e-02  4.40285914e-02  7.99661428e-02 -1.69350917e-03
  1.04591623e-02  4.70565744e-02  3.34751904e-02 -4.06505726e-02
 -7.32625052e-02  3.80942225e-02 -1.07126655e-02 -1.10367211e-02
  6.16303794e-02 -2.10516509e-02 -6.30025119e-02 -4.64300998e-02
 -3.76134440e-02 -1.17370626e-02 -1.81790497e-02  3.51725356e-03
  2.44085528e-02  1.39013538e-02 -7.47739822e-02 -2.88506355e-02
  3.80484462e-02  1.15875691e-01  4.63047288e-02 -6.71096519e-02
 -4.76687737e-02 -8.37784857e-02 -1.14487290e-01 -3.14995297e-03
  1.79036229e-03 -6.61034929e-03 -9.58734006e-03 -6.13134839e-02
 -1.32502809e-01 -1.44042149e-02  3.73453018e-03  1.67097393e-02
  5.34452451e-03 -7.49839023e-02  3.51645276e-02  7.44787455e-02
 -2.14674901e-02 -4.31727506e-02 -2.92197745e-02 -1.16054825e-01
 -9.93659645e-02  5.03311343e-02  5.03399363e-03 -2.07458008e-02
  2.46538874e-02 -6.41773567e-02 -1.62405092e-02 -6.61158115e-02
  7.84992520e-03  5.88689856e-02 -2.20750365e-02 -3.34285026e-33
 -2.73269974e-02  1.26392469e-01  1.68518012e-03  8.65044147e-02
  4.71954746e-03  1.79267265e-02  3.95312766e-03  2.93789450e-02
  5.90480268e-02  9.68163460e-02 -4.57925014e-02  6.93399906e-02
 -1.91016532e-02 -9.43181012e-03  1.59438457e-02 -6.15375564e-02
 -1.99292097e-02 -4.37765270e-02 -4.31902595e-02 -2.77696969e-03
 -2.24352721e-02  1.05762109e-02  2.80657504e-02  7.03319758e-02
  2.92080007e-02 -7.61883706e-02 -3.70042808e-02 -3.55506577e-02
  2.33498178e-02 -5.11845350e-02  7.61911049e-02 -3.28485146e-02
 -2.26859935e-02  4.14287485e-03 -4.87121083e-02 -3.75150442e-02
  4.42325547e-02  1.54761299e-02 -1.77396312e-02  7.75384903e-02
  6.73227310e-02 -3.91930453e-02 -2.75473259e-02  6.36115372e-02
  3.79002579e-02  4.25360762e-02  6.56598806e-02  6.53923377e-02
  1.35421776e-03  2.96170842e-02 -5.78972176e-02 -2.66865846e-02
  3.81067507e-02  1.77861471e-02  1.26663223e-01  1.76646635e-02
  3.90992686e-02 -8.16891668e-04 -1.13632962e-01  1.21546872e-02
  8.92444327e-02  8.74046981e-02 -3.82906273e-02  2.40496118e-02
 -6.65722638e-02 -3.33153307e-02 -2.02073939e-02  3.98651548e-02
 -1.11432649e-01  7.51397312e-02  7.88079277e-02  5.59265837e-02
  2.47366913e-02 -2.95909755e-02 -3.86970229e-02  2.01834217e-02
  5.19445445e-03  3.85324843e-02  6.31601587e-02  5.23141734e-02
 -1.58649776e-02  1.95276141e-02 -5.78828296e-03 -2.12499518e-02
 -7.88996182e-03 -1.50798466e-02  1.49675369e-01 -1.06997550e-01
 -3.76188499e-03  3.07183173e-02 -5.15556820e-02  5.61021548e-03
  7.25897029e-02 -8.10651779e-02 -2.72176806e-02 -4.82115041e-08
 -2.70141996e-02 -5.01898602e-02 -2.29358505e-02  3.68658174e-03
 -5.84561341e-02  7.52453580e-02 -5.88458627e-02 -5.20596001e-03
  1.34506570e-02 -2.00616904e-02 -3.29584256e-02 -5.58987074e-02
 -7.50535280e-02 -1.93981808e-02  1.44312810e-02  3.13903242e-02
  2.79591084e-02  8.54761302e-02 -5.63648343e-03 -3.11851203e-02
  2.73865890e-02 -3.91364619e-02  5.25944941e-02 -4.06105211e-03
 -7.54347369e-02  9.73434970e-02  8.68909433e-02 -1.29071251e-01
 -3.68891917e-02  5.15326373e-02 -2.00425070e-02 -7.48426840e-02
  4.29986231e-03 -5.72183803e-02 -1.97401885e-02  2.95360317e-03
 -3.72947962e-03 -3.43913138e-02  3.52311805e-02  2.80922763e-02
  6.78621512e-03 -1.15002804e-01  4.51680683e-02  1.17857493e-02
  5.21436073e-02 -1.47946598e-03 -2.83540580e-02  4.38988842e-02
  3.18825170e-02  5.79828396e-02  5.42417131e-02 -1.82496682e-02
 -1.25950038e-01 -6.25623390e-02 -1.61789879e-02  7.92687479e-03
  3.24773602e-02  1.84381343e-02 -1.34470984e-01 -8.06037039e-02
  4.16626185e-02 -5.31762056e-02 -7.66252354e-02  3.16467546e-02]
============================================================
ID: course_9
Course: Visualizing Sci & Technology
Embedding (length 384):
[ 1.57484356e-02 -4.73594703e-02 -3.07861827e-02 -2.88807582e-02
 -2.98166089e-02 -1.08419411e-01 -8.65636840e-02  6.50109202e-02
  6.36743149e-04  5.32203652e-02 -6.33232296e-02 -3.84726450e-02
 -2.42602080e-02  1.51513638e-02 -7.33100250e-02 -7.75537174e-03
 -3.26073989e-02 -4.83932309e-02 -4.04119976e-02 -1.80253778e-02
  7.59830931e-03 -6.43941574e-03  9.86740962e-02 -4.09293547e-02
  5.73989712e-02 -5.95006626e-03  2.95936186e-02 -3.03550391e-03
 -4.42563705e-02 -6.06539473e-03 -5.52904047e-02  5.02699986e-02
  8.26094002e-02 -6.14894554e-02 -3.76619250e-02 -5.59282191e-02
  6.69178590e-02 -2.57402956e-02  4.60074358e-02  6.59938306e-02
 -6.70579374e-02  5.52117862e-02  1.27386287e-01  7.32559413e-02
 -3.71790072e-03 -5.53266779e-02 -8.71870816e-02 -1.45166889e-01
  3.11525129e-02  2.92535201e-02 -5.83881065e-02  3.36902104e-02
 -1.28574446e-01 -1.18835904e-02 -3.97151224e-02  5.96100800e-02
  6.53687119e-02 -4.69748937e-02 -1.86760388e-02 -2.34781839e-02
 -8.14793445e-03  2.01877020e-03  2.40102950e-02  6.15131818e-02
  5.78702055e-02 -7.70214153e-03 -1.89904179e-02  4.45452183e-02
  5.85374571e-02  2.84792716e-03 -1.80599745e-02  3.39376964e-02
 -3.88979390e-02 -6.31124005e-02  9.20040980e-02  1.36159193e-02
 -4.52400222e-02  7.65303224e-02  1.79683398e-02 -3.96439694e-02
  6.61867037e-02  1.10084908e-02  5.86881395e-03  1.17965657e-02
  3.48461866e-02 -3.54126319e-02  1.91737097e-02 -9.61340033e-03
  6.35008328e-04  7.50760883e-02  3.63651551e-02  4.11021672e-02
 -5.28105572e-02  7.17451749e-03  9.79278237e-03  4.62048911e-02
  3.26768705e-03 -1.67673498e-01  5.40844426e-02  7.30415853e-03
 -4.73654419e-02 -2.19008252e-02  3.08211689e-04 -4.73700725e-02
 -1.12687670e-01 -6.56965971e-02  8.07316154e-02  3.96598428e-02
  2.11753156e-02  2.13088449e-02  1.92574095e-02 -2.03078538e-02
 -5.55645823e-02  3.11263418e-03 -2.21242979e-02  1.03439242e-02
  5.61724566e-02  3.71456258e-02  7.43852034e-02  1.61640625e-02
 -4.48840149e-02  2.16046646e-02  4.09004241e-02 -3.84591073e-02
  2.78788572e-03 -6.25097454e-02 -7.43315667e-02  1.55136028e-34
  5.85314818e-02  1.23090474e-02  2.98590312e-04  4.86896560e-03
 -2.04062201e-02 -1.51126692e-02 -5.93431816e-02  2.65946928e-02
 -2.92930529e-02  1.89335160e-02 -1.15786949e-02  8.45215917e-02
  1.49381869e-02  5.31414077e-02  7.08198175e-02  7.54513824e-03
  4.85629728e-03  3.18565555e-02 -8.91523361e-02  8.65746476e-03
 -3.13784517e-02 -5.51235629e-03  8.34931880e-02 -5.38571030e-02
  4.48350161e-02  6.11038767e-02 -5.87391146e-02  3.63027938e-02
 -1.84259731e-02 -3.42797022e-04  3.12575139e-02  1.89889079e-06
 -8.51201490e-02 -9.48785990e-02  5.74749932e-02 -3.06265312e-04
  3.36048119e-02  1.78513117e-02  8.95828456e-02  8.00382067e-03
 -1.71977952e-02  3.14947963e-02  6.38181567e-02 -2.51982417e-02
 -4.90942746e-02  5.08512817e-02 -2.30323821e-02  3.25587724e-04
  5.54776788e-02 -2.57280581e-02 -1.00012057e-01 -4.03813049e-02
 -8.63150973e-03 -1.33275958e-02  1.58812304e-03  2.84078158e-02
  5.42163774e-02  1.93904024e-02 -5.88820390e-02  6.04713289e-03
 -2.10869666e-02  1.20715074e-01  4.37940052e-03 -7.68821761e-02
 -8.61911997e-02 -5.04246540e-02 -1.46205887e-01  3.09198461e-02
 -2.09476016e-02  5.73769063e-02 -5.25082834e-02 -2.00151131e-02
 -1.07427686e-01 -4.05742191e-02 -3.18250619e-03  3.59281823e-02
  3.77468253e-03 -1.30496128e-02  1.48282256e-02  7.37849399e-02
 -4.27726507e-02 -6.19164407e-02 -2.49372553e-02 -1.70117617e-01
 -7.02709854e-02  4.15457040e-02  2.80397050e-02 -9.47249308e-03
  8.75427574e-03 -1.00096561e-01 -1.85346715e-02 -7.79073387e-02
 -2.55053919e-02  4.61061671e-02 -3.63933071e-02 -4.52551403e-33
 -6.20497577e-02  1.38198122e-01  4.65541668e-02  1.19184725e-01
  1.78267248e-02  1.59403458e-02  9.70734376e-03  1.35213081e-02
  4.46827523e-02  9.11214873e-02 -3.18633467e-02  6.91711083e-02
 -4.06598113e-02 -1.90600697e-02  5.78732453e-02 -4.45007160e-02
 -3.96737978e-02 -2.70742532e-02 -6.13990575e-02 -1.92665309e-02
 -1.78142600e-02  1.51442001e-02 -2.05097888e-02  1.48758129e-03
  3.85362133e-02 -3.89977433e-02 -5.87569065e-02 -4.69636954e-02
 -1.29911723e-03 -3.72746773e-02  8.09860900e-02 -6.48520067e-02
 -5.01523316e-02  1.38247060e-02 -5.76296709e-02 -4.54202369e-02
  6.07760213e-02 -1.47855617e-02 -5.93725190e-06  8.22887719e-02
  6.14258498e-02 -5.49825691e-02  1.55320542e-03  4.24850844e-02
  5.29522076e-02  2.64477171e-02  7.55563825e-02  5.40899709e-02
  9.74860601e-03  4.00532223e-02 -2.89525669e-02  2.80631967e-02
  5.42232580e-02 -2.23219465e-03  8.56438577e-02 -9.84013267e-03
  4.26461138e-02  4.05971333e-02 -6.83377236e-02  1.78185496e-02
  6.05940111e-02  3.61553878e-02 -2.11789776e-02  1.00949313e-02
 -8.70767012e-02 -5.95376492e-02 -9.33282170e-03  2.84805018e-02
 -8.71303454e-02  4.63028103e-02  9.28100348e-02  4.70590107e-02
  6.00686297e-04 -3.64074484e-02  9.62379389e-03 -5.48274023e-03
  4.55603972e-02  3.89139913e-02  3.43158916e-02  6.31675720e-02
  5.99859580e-02  3.58179659e-02  3.84826027e-02  4.17496413e-02
 -2.02378780e-02  3.37488838e-02  8.57958421e-02 -6.75162598e-02
  4.13765684e-02  2.04262808e-02 -5.29828295e-02  1.17907114e-02
  4.36847284e-02 -3.21813710e-02 -1.12818647e-02 -4.67545860e-08
 -3.23764458e-02 -3.35750729e-02  6.86228182e-03 -4.11386555e-03
 -2.26317868e-02  7.59868845e-02 -5.73566295e-02  8.96520540e-03
 -5.24307601e-02 -1.13825854e-02 -2.87646353e-02 -4.87992167e-02
 -1.24716952e-01 -2.30967328e-02  2.56785937e-02  6.75594062e-02
  1.73621774e-02  7.88487568e-02  1.33412415e-02 -2.59882659e-02
  5.81816165e-03 -4.10259888e-02  4.08651717e-02  1.46512762e-02
 -1.03964061e-01  6.92525655e-02  5.71356304e-02 -4.59178090e-02
 -3.28330994e-02  2.29237974e-02  1.63966864e-02 -5.84428124e-02
  4.62270007e-02 -4.99407016e-02  1.67352222e-02 -1.83904320e-02
 -2.90980544e-02  1.28824096e-02  4.85435799e-02  4.86865640e-02
 -5.42732067e-02 -6.86442703e-02  3.54111530e-02  2.46073306e-02
  5.63415922e-02  7.24420184e-03 -4.99131531e-02  1.22443326e-02
  1.27591286e-02  2.82494519e-02  4.58041467e-02 -4.29501794e-02
 -1.12017296e-01 -2.63206661e-02 -3.24848518e-02  2.54056454e-02
 -2.34645344e-02 -1.97841763e-03 -1.30918905e-01 -5.89235164e-02
  4.54001687e-02 -8.11346620e-02 -6.22701868e-02  2.66929303e-04]
============================================================
